	11710.000084281	11710.000084342	11710.000084288	11710.000071611	11710.000084286	11710.000071604	11710.000084289	11710.000084348	11710.000071971	11710.000079461	11710.000071603	11710.000084287	11710.000071613	11710.000084381	11710.000084449	11710.000071616	11710.000074221	11710.000071610	11710.000070687	11710.000084453	11710.000074236	11710.000071607	11710.000071600	11710.000084591	11710.000084522	11710.000084207	11710.000084224	11710.000084225	11710.000084562	11710.000084525	11710.000084188	11710.000084205	11710.000084240	11710.000084542	11710.000084476	11710.000084602	11710.000084613	11710.000084618	11710.000084334	11710.000084380	11710.000084652	11710.000084657	11710.000084541	11710.000084658	11710.000084653	11710.000084660	11710.000084659	11710.000084666	11710.000084584	11710.000084590	11710.000084672	11710.000084673	11710.000084485	11710.000084493	11710.000084676	11710.000084677	11710.000084662	11710.000084665	11710.000084678	11710.000085083	11710.000084543	11710.000084637	11710.000084638	11710.000084248	11710.000084645	11710.000084607	11710.000084268	11710.000084667	11710.000084671	11710.000084674	11710.000084636	11710.000085141	11710.000084654	11710.000084679	11710.000084680	11710.000085085	11710.000085082	11710.000084559	11710.000085086	11710.000085100	11710.000085104	11710.000085148	11710.000085159	11710.000085142	11710.000085152	11710.000085102	11710.000085150	11710.000085084	11710.000085136	11710.000085138	11710.000085154	11710.000085143	11710.000085151	11710.000085160	11710.000085157	11710.000085162
11710.000084281	0.0	0.5927268383077231	0.5700166605718354	0.5784174746836863	0.6041224717010147	0.5468127855471803	0.5954357302015441	0.6035633095077685	0.5898860733069908	0.5649030835473562	0.6270371100612356	0.6623944442571561	0.542880309753417	0.6089809927126874	0.5360089509321713	0.6084777378238576	0.488857752745908	0.5949763567455668	0.4952813556158251	0.538650928863249	0.5172854145997844	0.5068857792921835	0.5784727246864999	0.5123293143374377	0.5009878057932462	0.5196055974582598	0.5430768820279577	0.4425364840852057	0.48566435730049284	0.5631246840024376	0.5386622243099991	0.5555589236481372	0.48664986879834177	0.6011430627575889	0.5842152235600432	0.528024576281362	0.5252623299673764	0.557141480644508	0.5852332290358174	0.6617212697659286	0.57783835637559	0.4999815187659846	0.5828344839150522	0.6235009304760999	0.45739649250280473	0.6027681766531302	0.464796922461554	0.6001626308442096	0.5560994451530736	0.5211714942223145	0.6775820815816719	0.6425728405781846	0.5837939463735066	0.5324659893786176	0.5157614245440983	0.6333532884285599	0.572871018852191	0.6323808099423217	0.603580731273468	0.44240560137995677	0.4640803422948036	0.5775909861522845	0.5441391312038243	0.5767828953779071	0.5796415702225667	0.521064318892589	0.4927813626461771	0.5396939865094177	0.48888855790723784	0.5855334717548547	0.5819881164310869	0.52844891361293	0.5329368811950419	0.4973158308861394	0.6232273315924574	0.5141757945662812	0.5159370579873183	0.5607185690137623	0.4990947082863657	0.4849908355090149	0.5536016611753884	0.5719977449452833	0.5765732702351674	0.6207000836919477	0.6052643838750453	0.533360637154221	0.542231217948187	0.6459476433560787	0.5190437927987986	0.5523965547492237	0.6817621120556381	0.6394482328266188	0.4374139135600461	0.5707878021036472	0.5870876022969431	0.521453069552456
11710.000084342	0.5927268383077231	0.0	0.5585097639261456	0.6600528257098416	0.6289388054439455	0.6279599311018109	0.632883223862448	0.6864188044149104	0.5294138571024574	0.6203694980649264	0.6511657902551052	0.6289443471538732	0.6145604988168396	0.6914272164119086	0.5930818131199096	0.7229008382765283	0.6018699478512753	0.7523849613132588	0.6067064570269454	0.6760716089487541	0.6148786307845243	0.6167569348569644	0.6256045550352676	0.6009762994554209	0.6386086226205444	0.5998227994997426	0.5577262205697878	0.6595731789697902	0.6553293787712717	0.6770392504075777	0.5346316818387926	0.6372719620179487	0.59439902649438	0.6014185363923207	0.5378286638337858	0.6193548383124406	0.6283983379354187	0.5968527885660608	0.5354869977426538	0.5486106900742395	0.5474303546298751	0.6417796059058902	0.5385369563183013	0.5757602837067575	0.5788607330332409	0.5972492322422418	0.5814997066116743	0.5979186685253515	0.6240451755559544	0.5761607699502918	0.5823167344086476	0.6816166282878453	0.5635048700258788	0.6588089601290832	0.6375443613577463	0.6916597440313302	0.6778258780377032	0.5534302372662152	0.6333580089686868	0.646547502427607	0.5961666499240439	0.5188287640729344	0.5731492764383562	0.5989156905396046	0.5814619853005076	0.6620955614182392	0.6694588810524186	0.6552221453928223	0.6410629886612064	0.6770770715080355	0.5945289931979426	0.6234765400354831	0.5318023915694307	0.53803886215398	0.5326036109671624	0.612318424557359	0.6326848438348767	0.6098123283419503	0.6182153155476713	0.5387431521505238	0.6609445987020868	0.6304752961266331	0.6370188760540421	0.6035298574309531	0.5203510957714537	0.6556652007668882	0.6463750180221745	0.6423701691727115	0.62576394825129	0.5712648663458848	0.5833510495445021	0.6175431327736292	0.5783800854710394	0.6254073873924479	0.5143841541119434	0.5939968532833035
11710.000084288	0.5700166605718354	0.5585097639261456	0.0	0.6170488739155011	0.6074195519544997	0.5841656289139197	0.5925743560197656	0.6416919905368612	0.5186837901613477	0.5772753925364421	0.627957274757032	0.5935797457900821	0.5800834566059528	0.6568953556115478	0.5453222250493027	0.6950171627277306	0.5439394213654662	0.7380327989108916	0.5081880579555615	0.647493081920856	0.5514742374931462	0.5353216966951762	0.5930442797018228	0.5375553924437547	0.5690268040200205	0.527499923301835	0.5532350577072116	0.644417120791631	0.631159111669424	0.6044096206390495	0.5202209277498528	0.6039546374381218	0.530189657646468	0.5512049898054139	0.5175431514559192	0.5329156296234183	0.5740523380631664	0.5492494042166207	0.5299309199854464	0.5939414627348387	0.5357070156697732	0.5938738713385817	0.5380279033763489	0.5658096157785322	0.5481527492867944	0.5614406809781218	0.5469393712237249	0.5269181894351883	0.5612566427333066	0.5927807518017308	0.5718222262750188	0.6333166297115739	0.5320942367864232	0.5998121605152233	0.5769810229562768	0.6510814161026317	0.6581747996777111	0.5794312684137359	0.6164901016410013	0.6241682785329639	0.5256815035933239	0.49556689354674993	0.5672118049796911	0.5566497755864315	0.5153575809234059	0.6079963860724489	0.6130781707687838	0.5761713551500085	0.5988666200841869	0.6256388330540577	0.5839883177950943	0.5877000658698174	0.522906028684983	0.5015470781890755	0.5236796490615263	0.5826654357603825	0.5530935272810142	0.5259932836417714	0.5726466703255733	0.5175138411727767	0.61427806572521	0.5666604882021916	0.5807475345190793	0.549684642372983	0.551074249163699	0.5846575717547164	0.6093350492771776	0.5912991661048368	0.5570232051195231	0.5128746713818054	0.5937267210568022	0.5759953095336108	0.503994676826127	0.5714489586318688	0.5428173626258946	0.5459097293871974
11710.000071611	0.5784174746836863	0.6600528257098416	0.6170488739155011	0.0	0.5766398398881951	0.5086040568627513	0.5773417237186319	0.5401100964341407	0.6448002795921511	0.5944220143538081	0.6048691448018976	0.6431867437728478	0.5178870353234231	0.6197777614316522	0.5619083013697782	0.5535791495177538	0.5372994357088113	0.5874173184370229	0.5413307488789181	0.586661416662185	0.5578247525257631	0.5092474871666374	0.5852730740799524	0.5326422653633278	0.502415060481687	0.5049344764836706	0.6092913143180181	0.6086002615985937	0.5541326029269028	0.6158426986527266	0.6203311454129947	0.5576644411723138	0.6088386592698807	0.6367483315851568	0.5935151840383562	0.5805493675632923	0.5848402399967961	0.584866769178358	0.6333317719395718	0.7213371917338924	0.6693683262559237	0.5157882764812705	0.6370872938279271	0.6667269818986441	0.5646342472546412	0.6456605921824367	0.6095042872800528	0.64542480292149	0.5674605165245157	0.5913325873044517	0.6527127428086004	0.6221811802991737	0.6383631653873413	0.5812213063365153	0.5335903479541525	0.6562103843251664	0.4987912853077078	0.6931980175055178	0.5685213809255552	0.560173778807683	0.5198495670835074	0.6518720972538606	0.5849990742669973	0.6520704748079948	0.6364567113571009	0.5501733716763656	0.5527847123494917	0.6174953962178532	0.5162555125153689	0.5650804190637289	0.5927553259393292	0.5547860972894081	0.615206010768496	0.602700372794138	0.6278985998974674	0.5397180784935086	0.5819725099325449	0.6204906896301235	0.5658927694639889	0.5813638834513488	0.5036345613625156	0.6446127643319765	0.5353155173217655	0.6224564502835901	0.6630207680021207	0.5494370759629044	0.551654766940895	0.6670626627644213	0.6061559518805332	0.5860337580701458	0.6876584286066797	0.6990015219265324	0.5867280184563549	0.6182339191342693	0.6379657088762658	0.5945874443859414
11710.000084286	0.6041224717010147	0.6289388054439455	0.6074195519544997	0.5766398398881951	0.0	0.551774302953373	0.5992985344018875	0.6271691445289974	0.6441587195007092	0.5379261857415686	0.6599898843684288	0.6315113608008265	0.5349410505028985	0.6622339163249022	0.5625947853375614	0.6180033216170562	0.5798082615239548	0.6974523229677198	0.5822695997771306	0.549156531109616	0.5516752098143904	0.5508039503054541	0.6160031249149216	0.5739902217950947	0.5526458316041525	0.5582297427557146	0.6118012909389323	0.6769994334409041	0.62539261545734	0.6332780096919711	0.5912586585857809	0.588652746573986	0.5843797499526274	0.6032069272050219	0.5338872871128407	0.5760755448336857	0.5942315730738346	0.6019188933579749	0.5899658990775721	0.6940074327830855	0.6430452908679992	0.5473807073675389	0.6074826998038652	0.6276961987741428	0.5455633337099143	0.5620560850934474	0.6410645869867592	0.5949757429634451	0.5710651363263294	0.5499532503299615	0.6071302555394036	0.6308355437710559	0.5812515664150185	0.6211462078234727	0.5900093617970985	0.6741404764836577	0.5981032850692178	0.6816358294134457	0.5995667308688152	0.6256828567561058	0.5421701019932149	0.6320549060376638	0.6044959546341377	0.6554570501588071	0.6060581378627884	0.6172183768919745	0.6449107001247791	0.5990827173277757	0.5438908338569957	0.637711416575372	0.5895448009351547	0.6054239382204618	0.5773336278774034	0.5926981943939666	0.5961910016174093	0.5394329724192266	0.5952591264495584	0.6060246538815256	0.594849798172983	0.5316725772071125	0.5880695018183957	0.6253840100075961	0.5646103598573219	0.614550600352774	0.6602073512661985	0.563659173902626	0.6285151039474948	0.6331743052709491	0.6106537418269177	0.6113675593063963	0.6778936129125842	0.6898710703683016	0.5975091031617665	0.6169445977226712	0.63605508172946	0.5961205568481249
11710.000071604	0.5468127855471803	0.6279599311018109	0.5841656289139197	0.5086040568627513	0.551774302953373	0.0	0.5528444442398437	0.5551871477476146	0.6238375983213422	0.5226023044124073	0.6104793137866686	0.6361442985569981	0.5038106499819968	0.5820295202072793	0.5175999050428868	0.5562408820211787	0.5293626234784585	0.6200979564874821	0.5428151627369231	0.5119740547092789	0.5225498881875685	0.48830033978697124	0.5716346745415715	0.5139059918026424	0.5201595684771119	0.459604215469512	0.5823769575018017	0.5954354735532029	0.5351256874101451	0.5744359590526458	0.561539110588875	0.5025219274944813	0.5565364491240258	0.5720863259088624	0.5583814948044333	0.5357145934069968	0.5799328421663499	0.5548636134182398	0.5998130128894025	0.6827464423743527	0.6332932904681683	0.5010429056214164	0.6178982719798762	0.6552468601814695	0.49381428563766094	0.6143356858263355	0.5831792978013625	0.5995885173618468	0.5350260731437443	0.557167938586436	0.633842166468599	0.6081606899355488	0.5654196551714534	0.5481625693642393	0.5146169947149698	0.6120340246023402	0.5574325380156452	0.6717029863042951	0.5514218876593836	0.5532291987904939	0.5042348681115199	0.6134651955599273	0.5662863977886046	0.6037519777729266	0.5695940682880939	0.5561054484533884	0.5738559836543181	0.5883937183789283	0.49790041964380005	0.5642005892600932	0.569702108989984	0.5102756518445936	0.5841786159290021	0.5781481813594294	0.6019731288019836	0.5294732502813604	0.526064432385001	0.5841116968779677	0.564671995119329	0.5261332536333353	0.589090917141101	0.6247330447637134	0.5734646126533821	0.5881045527445575	0.6458334279244876	0.5326772232123486	0.5636776958485153	0.6261979162407201	0.5677389966003243	0.6250235467896788	0.6789192330783048	0.6737090170313663	0.567116479331208	0.5936544870880405	0.6335694327727657	0.5793584802513522
11710.000084289	0.5954357302015441	0.632883223862448	0.5925743560197656	0.5773417237186319	0.5992985344018875	0.5528444442398437	0.0	0.5010674370221205	0.6281005401681385	0.5716373408950756	0.5714126253958339	0.5716029714149095	0.5843884127594505	0.5785403763194784	0.5963190898172769	0.6695757898064083	0.5868052753698929	0.6903277147217667	0.5654340050618359	0.6024637600716003	0.5842694777465732	0.5507377530725271	0.5710173679045233	0.539694559283594	0.5320315405764156	0.5007243608569325	0.6172575139531926	0.5689018983916182	0.5380444003612936	0.5541661671416034	0.5547289928999994	0.6053691772922022	0.5467335120132423	0.5266440326068028	0.5633776201534344	0.4838881208013894	0.5679440520119732	0.5407777545702172	0.5329945378489841	0.6285079837008811	0.6256522855805662	0.5714509246101713	0.6159492767198262	0.62030090813772	0.5100042991957786	0.6197663992217519	0.588607273074536	0.6608608301191803	0.5284371534476168	0.5234789533269469	0.6428701528113433	0.5311466214682665	0.5989419894041039	0.6072020383971892	0.5536242891684504	0.5683503398995837	0.6024557682339527	0.6446620002647274	0.608120348942096	0.583934759995961	0.5282159584767212	0.5502502451778543	0.5507357909122576	0.5074426647793134	0.5425236409045521	0.5206377324616502	0.6362428732748027	0.49995500075803545	0.5827447566987393	0.5130694345926938	0.5440415245702666	0.5094287827925945	0.5924814871043433	0.5919252396122642	0.5959159250685179	0.569310370628601	0.5393894618509727	0.5410089823095273	0.5255062780645076	0.5390492334931994	0.6006831175036347	0.5502787129534514	0.5169186072719223	0.5214812996537006	0.6083704142732209	0.560014647492288	0.5986029303077309	0.5230691592368618	0.47541370649270004	0.6407734853894204	0.6035947080344897	0.5840851608938883	0.5428999825837226	0.494724238329986	0.6207254053207446	0.5251126886472002
11710.000084348	0.6035633095077685	0.6864188044149104	0.6416919905368612	0.5401100964341407	0.6271691445289974	0.5551871477476146	0.5010674370221205	0.0	0.6670382051756473	0.5987000223398637	0.5996518154293687	0.6222354248847611	0.6147137154912741	0.5712092353525418	0.624749686946628	0.6154632349973833	0.6173916525367265	0.6669114019994852	0.6229510502842588	0.5454420203273965	0.622590852621212	0.5561459492314919	0.6092468356902906	0.5250464543952904	0.49759385540176876	0.5644214421999523	0.6547265754181478	0.5942475633976426	0.5163759817684085	0.5455152835495066	0.6374796508965742	0.5791048728795696	0.5507163753951203	0.5597631215736856	0.6153646228090841	0.545490184443344	0.5868026929809758	0.5955647641180294	0.5801911327713235	0.6904588403081339	0.6833655074881213	0.5094004755432506	0.6422482380771052	0.6960130464529848	0.5270817176378115	0.6596013050147721	0.6232224674220456	0.6883221518386593	0.6092661990049195	0.5516914928981291	0.6684055911359519	0.564876654452269	0.6320768790513261	0.575281777635789	0.5821497205409756	0.5545864738612564	0.6025251508459519	0.7234845229059274	0.6382318888600628	0.5737708276872725	0.4995388265743717	0.6174727566807674	0.6142821306362475	0.5873093631840718	0.5929897240737295	0.5325501273308615	0.5934655053336817	0.506725436467413	0.5535158337009194	0.5456605460184917	0.6114939861455672	0.5435321293442454	0.6180364215398197	0.6336681852382897	0.6642108388332115	0.5561309018438809	0.5965561390977567	0.5701263252062991	0.547338195039188	0.61564761331781	0.5890350266941982	0.6140197500484024	0.540188995764282	0.6170990840696373	0.671675976131133	0.5910244960689693	0.5749878279711853	0.5909469344068319	0.4716648970842166	0.6669635439560901	0.6441523035013101	0.6564489888308218	0.5875657109258908	0.5857733194094038	0.6669919265212569	0.53849364926435
11710.000071971	0.5898860733069908	0.5294138571024574	0.5186837901613477	0.6448002795921511	0.6441587195007092	0.6238375983213422	0.6281005401681385	0.6670382051756473	0.0	0.5685282629635309	0.6732842210595267	0.6637103872071153	0.6318992443637219	0.7106893845786347	0.5612352452688498	0.7113718753883799	0.5574877058238139	0.757762237310673	0.5149590453442462	0.6738087898335543	0.5428456253389053	0.5935445919835923	0.6273393358341752	0.5805682151770527	0.5976995416852053	0.5777975949907607	0.55725863307201	0.6560703234672209	0.6571503134945749	0.6636495295449745	0.48921317770589173	0.6235356031850243	0.5479519040580856	0.6002086690175422	0.5269578850058393	0.5920903043649034	0.56630388009685	0.5868311414975694	0.547244280308026	0.5845593464756865	0.46682707564458625	0.6040614422585707	0.5164689871975573	0.5834225347959311	0.5735903880982047	0.5589110896707116	0.48434024832106354	0.6046687664487047	0.5981924391954738	0.5685998897431335	0.5976817784704959	0.7026021187207798	0.5327340315501319	0.632067456518612	0.663753385674332	0.6952076222409754	0.665646187037353	0.5573382439397335	0.6789679876593074	0.6560311857498833	0.506461215179788	0.47252260584950706	0.5403384851223298	0.5797222455329718	0.571339907371109	0.6436623948905865	0.6416937478144524	0.6128213116852621	0.6551471154986858	0.645332327415045	0.5827242302821672	0.6253434293120921	0.48235991747258916	0.557965457969175	0.572042272558025	0.6039122423933837	0.6006279136529333	0.5655008055058866	0.5783540257581362	0.5662223636473789	0.6294871940903265	0.6037759584442981	0.6127452068159244	0.6060655848318103	0.5823445775082579	0.6144773914873014	0.5954525728936286	0.646457076162459	0.6137576393118906	0.5554904531759023	0.6165550869118204	0.6072024011548426	0.5328565636347224	0.6300250588803398	0.5628102544006635	0.5939697535084849
11710.000079461	0.5649030835473562	0.6203694980649264	0.5772753925364421	0.5944220143538081	0.5379261857415686	0.5226023044124073	0.5716373408950756	0.5987000223398637	0.5685282629635309	0.0	0.66576211554626	0.6752064290363664	0.5528710803107052	0.6800034157932192	0.4988399214998969	0.6236170768624469	0.506378047415526	0.7121010408432901	0.5203527302290949	0.586396564771672	0.5307686753608915	0.5254570546187456	0.6322279405599254	0.5373513370424817	0.550563569980451	0.5236486454058584	0.5823178284733099	0.6149609551891903	0.5894255376737945	0.6250172811259718	0.5254691002885619	0.5410830049745518	0.5406136947742428	0.5954652035976379	0.5366683239814779	0.5637258376169885	0.5608585145923725	0.5860391355013415	0.5774243657988939	0.656556364901666	0.5954655223647809	0.561005609641236	0.5782085306951154	0.6426500394954016	0.5056609742150172	0.5705305591236538	0.5232712100755167	0.6052940072762267	0.5245506632115858	0.5195306097161128	0.6237243893360234	0.6394075591904388	0.5580216560845433	0.5756047181244929	0.5700247584217636	0.6489280436501648	0.6249885153457658	0.6153369369526782	0.6246922919639885	0.5958353968589554	0.4901894957689705	0.5913071061923285	0.5427345200751972	0.6061442983685817	0.5776319112708773	0.5996800936290305	0.5904238490866259	0.577329295456111	0.56159280739729	0.6230669574059622	0.5348711088963193	0.5739310298649107	0.5322615277984208	0.5716679439507499	0.6252959961180633	0.5352030497110334	0.5691029021157794	0.5665951895867191	0.5798781359560532	0.5326707873524387	0.5781751378216539	0.6159583589245451	0.5810904890212497	0.6078280962136979	0.6326588167226681	0.5780601074585725	0.5906258137039244	0.6168396382783626	0.5891131392428121	0.6160681170142287	0.6746271830750932	0.6450574162994348	0.5645854744794025	0.6267169054260298	0.6223688709082669	0.5615771945871116
11710.000071603	0.6270371100612356	0.6511657902551052	0.627957274757032	0.6048691448018976	0.6599898843684288	0.6104793137866686	0.5714126253958339	0.5996518154293687	0.6732842210595267	0.66576211554626	0.0	0.594161990347514	0.612601666898102	0.5725254357453956	0.6622198010114487	0.6755774147708296	0.6351860807461279	0.724249268732156	0.6283817135938613	0.6067822995356702	0.647417096608297	0.6010040609779033	0.6114694458993383	0.608385854200068	0.6170770089312743	0.5860254722261373	0.6256919130343036	0.617593069853932	0.6277869881685967	0.611375231774737	0.668205900063667	0.6017417618275199	0.5970546703389338	0.5963952787893098	0.6420295375919215	0.5534313920276723	0.6406488838603966	0.6211293559117279	0.6125427580024698	0.6694436519179063	0.6775973016335587	0.5919005905433892	0.6276842013400172	0.6600035719512026	0.5737857771421577	0.7052312863868813	0.6565707566582354	0.6413484204316121	0.6389290824133451	0.6481419762277391	0.6692909192085235	0.5787473513931787	0.6151740898431952	0.6095651049870345	0.6419151930454889	0.6011122086636432	0.6349609715652008	0.6766389741917611	0.6455909253976067	0.6248888321929628	0.6061761027374727	0.6110265122065448	0.6137532735767384	0.596872834850934	0.6379197969782424	0.561625972560621	0.6641283454789064	0.6178609900532983	0.5954363170675889	0.5846904230747066	0.6205865290591189	0.6120384441308891	0.6414017036997746	0.5967635798295627	0.5927301940329346	0.597233293367022	0.6046201294840952	0.6328534594453706	0.556019577849836	0.6285914131290474	0.6489811017286624	0.6319344295356519	0.5879313215579711	0.5583214327106331	0.6377962293793311	0.617428488195554	0.6050450187122335	0.625080964640463	0.5532039428539949	0.6470308746391304	0.6281015141009505	0.6165884716783391	0.617923660455756	0.5975102088391693	0.6246256751495728	0.5771671159294391
11710.000084287	0.6623944442571561	0.6289443471538732	0.5935797457900821	0.6431867437728478	0.6315113608008265	0.6361442985569981	0.5716029714149095	0.6222354248847611	0.6637103872071153	0.6752064290363664	0.594161990347514	0.0	0.6223545205069272	0.603091926441529	0.6533171392571666	0.7250949545979875	0.6630648995789594	0.7246404318044436	0.6347162375064531	0.6596093904098247	0.6625383012006594	0.655606692361893	0.5987095974025057	0.6477050626511576	0.6236142123085333	0.6080407277697814	0.6219610597950955	0.664797025664041	0.6249479251974888	0.5597746836051903	0.6599136113679164	0.6514160720737278	0.605956650395027	0.5430972165015281	0.6407044866714978	0.5656888181006944	0.6432338823259923	0.576207226234852	0.5744340657001541	0.6346938705290279	0.6597153862420397	0.6323129531219748	0.62919136941923	0.6136697276731804	0.6143666284922927	0.6945391652893154	0.6702023061687631	0.6243985735719668	0.604371962308907	0.6612982463289665	0.6161568108963577	0.5362910662182159	0.6195688671257926	0.6652869093335152	0.6318013261037536	0.5654968413442919	0.6781328518631291	0.6751358352108523	0.6410525396295235	0.6741326029435634	0.6529578868408327	0.6012671006040422	0.6159334782180093	0.5575498870768109	0.5994233958302747	0.6215796494347899	0.7059320109553345	0.57848061249072	0.6494136765101168	0.6227459910906662	0.6079890090380292	0.5796783622661758	0.6613672680028917	0.6142652234579553	0.5843376431713438	0.6254874874887916	0.6145411049317052	0.6291726727524034	0.5906536034389349	0.6273438125098628	0.6435568294087557	0.6028548920792021	0.5988143620027273	0.5492252373383723	0.6266247214536728	0.6056020335371404	0.673686842275771	0.5756633023653625	0.5316661602185585	0.6318417853077218	0.5605056114639014	0.5630809569098405	0.6079317327864711	0.5658332781405799	0.6478090474050631	0.5992751668325376
11710.000071613	0.542880309753417	0.6145604988168396	0.5800834566059528	0.5178870353234231	0.5349410505028985	0.5038106499819968	0.5843884127594505	0.6147137154912741	0.6318992443637219	0.5528710803107052	0.612601666898102	0.6223545205069272	0.0	0.615372238397482	0.5086572098244786	0.557838962309689	0.5063132703720652	0.6194550035323135	0.5079958373934899	0.5621460654656482	0.5079949154043625	0.4985672716030245	0.5736747294170865	0.536382839036442	0.5180550094366831	0.4902132490874748	0.5907022369793161	0.6211640714057266	0.6007654339903722	0.60157067299123	0.5742531415485024	0.5419348088825241	0.5479449976331	0.5798790405878267	0.5490343337635133	0.5393773698981176	0.582347388978923	0.559088208728043	0.5890425425386858	0.6903656776188277	0.6244758916969114	0.5097776165899686	0.591105977397051	0.649294025044121	0.5260386677834458	0.6070910905478669	0.5846186209604776	0.5735696724263863	0.5596546566423215	0.5405018247897243	0.6408698275842559	0.6013704713738522	0.5881561130780341	0.5448006968847128	0.5446736633712821	0.6440310064553296	0.5857635681527313	0.6452152754725575	0.5765002341468397	0.5549326390738002	0.5354134729808122	0.6176131833705435	0.5721962884089962	0.6203530694341871	0.5628752211421723	0.5771946754145564	0.5600002505349913	0.6046118112066633	0.5224787324156315	0.6000405872421842	0.5665464403322321	0.5138353643545771	0.5860806286509516	0.5837089694323004	0.5802099952913425	0.49708522953200246	0.5444072897971013	0.5466638989243194	0.5611431975731314	0.5047612758843064	0.5766292490366492	0.6048604331523866	0.553823613149688	0.5856047534205198	0.6202200778103442	0.5400497157102916	0.5937840007294095	0.6173187619846211	0.5579134142755497	0.5937361223786066	0.669805795947005	0.6675011514248202	0.5579369014447407	0.5790077907310773	0.6279176772557483	0.5867311662831781
11710.000084381	0.6089809927126874	0.6914272164119086	0.6568953556115478	0.6197777614316522	0.6622339163249022	0.5820295202072793	0.5785403763194784	0.5712092353525418	0.7106893845786347	0.6800034157932192	0.5725254357453956	0.603091926441529	0.615372238397482	0.0	0.6488014191947546	0.6599014585594406	0.6311167676125033	0.6456298725862627	0.6411635855994118	0.5756626615392085	0.6523740032423267	0.6097526683379223	0.5913046674801585	0.5842625052293332	0.5854191002705604	0.5567276425827605	0.6667343278929792	0.5750337707443377	0.559357765486325	0.5782338552251476	0.6897320608513886	0.5988084066257724	0.5791522662052662	0.5748249623664102	0.6499141770086092	0.5289740293108354	0.6420948759668226	0.6018213272791526	0.5743916157915073	0.6944332799098182	0.7072818956975454	0.6226618829257186	0.6899035800970956	0.722908282064971	0.5487955566290774	0.7074872584654495	0.6826840477229983	0.6530410905781835	0.6138756311031506	0.6417686719314402	0.7026785620283708	0.5342740204521959	0.6564269073826446	0.6216048272260105	0.5675029018711133	0.5543074667506195	0.6274730785464123	0.7390098114907184	0.6396202904556835	0.5984571884380272	0.6036873030571289	0.6431734642910165	0.6491002396350546	0.5960716474057415	0.6256495347010872	0.5775840844248965	0.6587510374800299	0.56612701637026	0.5993152946774377	0.5327704677165507	0.6524688645912159	0.5493301570079303	0.6716954989527167	0.65279001782416	0.6514562516200684	0.5896941096942706	0.5674586677403918	0.6183239570859461	0.5799149699852381	0.61875391843269	0.6453433251663202	0.6052004285191445	0.602507736838765	0.6295419980382556	0.6940579469243778	0.5833373741411019	0.6503861849235527	0.6102819807320964	0.5090370043311339	0.7051791449065474	0.6707948007437435	0.6651706801000115	0.618217744784842	0.5426237443294398	0.6924916816183757	0.5667159388064854
11710.000084449	0.5360089509321713	0.5930818131199096	0.5453222250493027	0.5619083013697782	0.5625947853375614	0.5175999050428868	0.5963190898172769	0.624749686946628	0.5612352452688498	0.4988399214998969	0.6622198010114487	0.6533171392571666	0.5086572098244786	0.6488014191947546	0.0	0.6103221472932229	0.5199632050416034	0.6887599281484106	0.49188107596443925	0.5507811198374067	0.5287672252310249	0.4876366932429278	0.5963957945887374	0.4650987522330797	0.5537259014431315	0.5156191801585405	0.5389316406251047	0.6348145016818929	0.5982864869496702	0.6080206311497025	0.5158065587392161	0.5172519304912606	0.55119155031787	0.5655873012702048	0.491010770487453	0.5470950190202665	0.5178860703437961	0.5207756023695709	0.5616619243877299	0.6563703394520357	0.5849265296393413	0.5044975376872263	0.5815729685623547	0.6274712988091478	0.490612511771375	0.5291776154945639	0.5336740501959342	0.5639865977485338	0.5340098611182886	0.5335527671714623	0.6300617620731643	0.6467331108511702	0.5496778741649065	0.5527008963885355	0.5513353530280275	0.6543677793899467	0.5920447958409402	0.6518013177271852	0.6086952854202017	0.5752051445946299	0.5033350873440227	0.5681981533554196	0.5157935231439941	0.5873873216527146	0.5268194143411725	0.6211632841310284	0.5462431983626006	0.5799795483845132	0.5282630663808116	0.6313422128518575	0.5632151784145464	0.5490754804800025	0.5294888115225105	0.5386371124788268	0.5912527314064662	0.5368233083729326	0.5505898196373277	0.5337957095344811	0.5996298860951874	0.4419429939872815	0.5771568513633916	0.5836683157050278	0.5728200323337352	0.5946283056685745	0.6075625091665179	0.5688978359451253	0.5889834358470967	0.608285722102843	0.5614914143966673	0.5754624824371785	0.6789331452552203	0.6403208729348868	0.5206273405444559	0.5880606627259832	0.6121766315651962	0.5721527554042205
11710.000071616	0.6084777378238576	0.7229008382765283	0.6950171627277306	0.5535791495177538	0.6180033216170562	0.5562408820211787	0.6695757898064083	0.6154632349973833	0.7113718753883799	0.6236170768624469	0.6755774147708296	0.7250949545979875	0.557838962309689	0.6599014585594406	0.6103221472932229	0.0	0.6382587695888515	0.5957326223758079	0.6356238743909669	0.5522249941416331	0.6111123460219945	0.5680120391219466	0.6929592059162996	0.5989257443939283	0.5620665094421233	0.6134462043736784	0.6788831687678831	0.6166160124686785	0.6288298284058889	0.6834995774294	0.7014943863019358	0.5347713359554962	0.6401921802217351	0.6951539325332577	0.6942500342022349	0.6438314452597529	0.6369203917366856	0.6396183504240303	0.7152873459245677	0.7997736375580635	0.7343213356054882	0.5398952930517633	0.7132007216105262	0.7489844301652231	0.6308847156820643	0.6949461854358209	0.6632339182525054	0.65836019449529	0.639049319480728	0.6221530989808073	0.7392928700032059	0.6868518195477943	0.7169389919202263	0.5373205746016875	0.5832107060903844	0.671902993919931	0.6366637332027474	0.7645265191034778	0.6252118560547388	0.5742275203244566	0.6141281228142867	0.7168189715039118	0.6562908962505271	0.730250444325972	0.6825963706520378	0.6501445339034417	0.5235640212695524	0.6783070127199138	0.5693902793204418	0.6697084800721869	0.6795492775950546	0.6087750111607113	0.7016364909412018	0.6952828754866396	0.6972888299741593	0.6147200327927502	0.5697448656756046	0.6604313931908592	0.6370562363073102	0.663522485435898	0.6814416247830506	0.7242229983317481	0.6419203639723918	0.7144151757388004	0.739065689664937	0.5891053184019994	0.5803954818299663	0.7157193626958873	0.6495369791318685	0.7228115648741116	0.776873072621761	0.779656167007144	0.6540542663548192	0.693541235278303	0.746058296133624	0.6799742521420049
11710.000074221	0.488857752745908	0.6018699478512753	0.5439394213654662	0.5372994357088113	0.5798082615239548	0.5293626234784585	0.5868052753698929	0.6173916525367265	0.5574877058238139	0.506378047415526	0.6351860807461279	0.6630648995789594	0.5063132703720652	0.6311167676125033	0.5199632050416034	0.6382587695888515	0.0	0.6446136003212432	0.4340432290577048	0.5610397954870933	0.47610608458647685	0.47368209685728646	0.5729494251050093	0.49381349880560216	0.4754701543720129	0.48702970995264927	0.5669069001039563	0.6081027900123605	0.5543592567248945	0.5822698599940873	0.5032887997578949	0.546761506427438	0.4991848879251529	0.5860419814872209	0.5119954862542806	0.5040441956418604	0.5235721365520168	0.5261840967754496	0.570329071805832	0.6494482614642951	0.575653920326218	0.49312993930674104	0.5423398089721705	0.641885496745788	0.4627438645717486	0.5704616181688976	0.46970069498005573	0.587045899422986	0.5466807489714466	0.5428449007306547	0.6280387728953506	0.6377158392026578	0.535357982463571	0.5520096491716895	0.5708240738362117	0.6432425113326232	0.5677062507590352	0.6335999329508124	0.6332631789302872	0.5532328521628694	0.48413199194351325	0.5516791236626375	0.5275218654440367	0.5518405298093167	0.5504663736893907	0.5248447435189931	0.5661497291829712	0.562510424395202	0.5077780813525445	0.5832518994363242	0.5540476406610124	0.4691792754923697	0.5386142680147895	0.5282152162430144	0.5973160812164761	0.5026219912992084	0.5175710266044211	0.5054965077948655	0.542896427314794	0.5093579261800019	0.5404323643427827	0.5792054646512231	0.5549674491038582	0.579462317226916	0.5922039138888358	0.4758321276032015	0.556309021164506	0.6196528727825391	0.5310100034548155	0.5481932948592347	0.6820472834014468	0.6206325531819321	0.5049196850076877	0.5783014060119511	0.5928542812083842	0.5463097628343911
11710.000071610	0.5949763567455668	0.7523849613132588	0.7380327989108916	0.5874173184370229	0.6974523229677198	0.6200979564874821	0.6903277147217667	0.6669114019994852	0.757762237310673	0.7121010408432901	0.724249268732156	0.7246404318044436	0.6194550035323135	0.6456298725862627	0.6887599281484106	0.5957326223758079	0.6446136003212432	0.0	0.6733756559144181	0.6328539115370789	0.6443784272675036	0.5786030075056403	0.6424691550468109	0.6539944741258695	0.5875079617930818	0.6274802316465302	0.7049470725613662	0.6295387902994326	0.5907839056133176	0.6701798971888983	0.7277818836392989	0.6476623972646088	0.658960481402141	0.7185289817793886	0.7282869907202301	0.6731790056317801	0.6877406232526243	0.6858155662606492	0.7158183888055192	0.7907706326738022	0.7507399745112132	0.6033071798259176	0.741719307226586	0.7590094066402343	0.6374339445044225	0.7574695605088713	0.6990092903992279	0.7254495274463421	0.647438198368635	0.6838168503362779	0.7436544970377552	0.700572584433352	0.7331004152150022	0.6039515847007625	0.5628320798848058	0.6853970757885527	0.52584280206248	0.784397212154632	0.667109580274818	0.5608724943980468	0.641166357866134	0.7349416378802515	0.7150237796473247	0.7487241546362381	0.7077639775953647	0.6574868225973229	0.6113595055712956	0.6653101516227916	0.5803573335262909	0.6266798008250128	0.6967273837904447	0.6134062563133038	0.7185342622653775	0.6893674372121624	0.7370181694034416	0.6289038356562472	0.64979556097948	0.6815695772566362	0.6153972018119396	0.678420864866633	0.6339733571094767	0.7250879995754922	0.6403414369164236	0.7030469924154199	0.7487361182010577	0.6507736345206673	0.6321223869461838	0.7292127143196482	0.6739297852514837	0.6796575460644161	0.7625476184408186	0.784532653128913	0.6707750358974255	0.6789520538587883	0.7512749135911362	0.6843510223455005
11710.000070687	0.4952813556158251	0.6067064570269454	0.5081880579555615	0.5413307488789181	0.5822695997771306	0.5428151627369231	0.5654340050618359	0.6229510502842588	0.5149590453442462	0.5203527302290949	0.6283817135938613	0.6347162375064531	0.5079958373934899	0.6411635855994118	0.49188107596443925	0.6356238743909669	0.4340432290577048	0.6733756559144181	0.0	0.5914499636991217	0.49184872120113626	0.4986550489437753	0.5321388624162022	0.4841218659987946	0.5035224568871931	0.4956723766985278	0.5471810252558936	0.5673268165180264	0.554074408472817	0.5526412983597644	0.4813647224705457	0.5412401630929371	0.4837665940915528	0.548834182045647	0.5225580526828698	0.493303611013279	0.4943796618657477	0.51186811992251	0.5535821525444462	0.6453681306371457	0.5282158400937375	0.525653989573159	0.5476202485578853	0.5936087995306186	0.4770569311118715	0.5594055685167607	0.4479605275025766	0.5818883784903011	0.5330039247136561	0.5378312690696132	0.6224963435001298	0.6095276182067427	0.5340626347793888	0.5399624679647197	0.5770953413932307	0.61567319499565	0.6104268913148347	0.6289719149349836	0.6173199949173981	0.5516636611439495	0.4717179141463236	0.5117138086860298	0.4861934398378781	0.5371953144644921	0.5137085534465499	0.5616000786670043	0.5371145928029994	0.5312812545018167	0.5605630964924033	0.5647930051277033	0.5488409664379361	0.5542513666325698	0.5105532559024287	0.48097021298154824	0.5648353734930817	0.5191116428484738	0.48394118802790154	0.5313550404797556	0.5735634860074814	0.47298245047226894	0.5829988681265179	0.5327697568788742	0.5710189961346984	0.5872222400431226	0.6031560429709741	0.50467353077732	0.5399461621147762	0.5990021251388353	0.5127947861054275	0.5315033759706013	0.6470742724384785	0.6136090930174147	0.41264244203557254	0.551191622977107	0.5855898524950931	0.5337547433002163
11710.000084453	0.538650928863249	0.6760716089487541	0.647493081920856	0.586661416662185	0.549156531109616	0.5119740547092789	0.6024637600716003	0.5454420203273965	0.6738087898335543	0.586396564771672	0.6067822995356702	0.6596093904098247	0.5621460654656482	0.5756626615392085	0.5507811198374067	0.5522249941416331	0.5610397954870933	0.6328539115370789	0.5914499636991217	0.0	0.57823927360714	0.5678238560636603	0.6226089483729383	0.5402077891390868	0.5381005805509634	0.5504686728899679	0.6233279458029071	0.6141712704757738	0.5371079955314104	0.5973602335871112	0.6178160702794633	0.5516952351031467	0.5451812433796217	0.5996163741198764	0.6120898600676861	0.5448133463995197	0.5835882372044282	0.5805281796865034	0.5832583471790909	0.706298992677924	0.6773274904773686	0.4770090339338954	0.6502105094918691	0.7010723331088005	0.519342357662605	0.6562710400673054	0.6019138378878286	0.6482902308849724	0.6247587238276969	0.5352160262872612	0.6727400416752248	0.5832526450949302	0.6073675343924347	0.5489669980859035	0.5486401321230646	0.6198297342661249	0.5946104472783428	0.7122217936976027	0.5999089688962468	0.529960375321903	0.5200095068577091	0.6405083141074821	0.6094586549160043	0.6342868841664279	0.6104540193333791	0.5791328927815308	0.6009994832508211	0.5949276189248086	0.5162208919738682	0.6031880733764525	0.6251362587810999	0.5577144794452986	0.5929349502907615	0.5938959222549881	0.6364638544814182	0.5326170931494789	0.5293818835474613	0.5582265524136973	0.5684461769289596	0.569514354355019	0.6072017207646743	0.6208779168288907	0.5922918982301885	0.6201610809316537	0.6598760940465237	0.5163562164387003	0.5702334312550734	0.6413411274336012	0.5630577471519898	0.6564564880879572	0.7005869905230793	0.6966641018853362	0.5801619729213356	0.6080253886455693	0.6786794423221926	0.5740480960109173
11710.000074236	0.5172854145997844	0.6148786307845243	0.5514742374931462	0.5578247525257631	0.5516752098143904	0.5225498881875685	0.5842694777465732	0.622590852621212	0.5428456253389053	0.5307686753608915	0.647417096608297	0.6625383012006594	0.5079949154043625	0.6523740032423267	0.5287672252310249	0.6111123460219945	0.47610608458647685	0.6443784272675036	0.49184872120113626	0.57823927360714	0.0	0.4828835043733751	0.6007286180514821	0.4981898245997143	0.5091072685468585	0.5074839190009617	0.5795590928104324	0.6176983573685031	0.5681082950092233	0.6104362076264451	0.5394876626156307	0.532056431381118	0.5235998964327141	0.6149502680808392	0.56486030016019	0.5182400237110216	0.563447018605612	0.5368374761279353	0.5936206950077753	0.6918634737477574	0.603810036400178	0.5052634850478982	0.5914453010542903	0.6556942679060976	0.5041948969143523	0.5843473199881668	0.48887578918374536	0.5864397394267472	0.5650525631415163	0.5502900398979146	0.6424167393128903	0.6578219666289119	0.5637186718201006	0.5428743857595546	0.5653971650262437	0.6423146520342254	0.5508204715933245	0.6476302608257439	0.6221016370309921	0.5649052500984341	0.486246837729309	0.5602380169777025	0.5247141411451314	0.6081566778098001	0.558004114302228	0.5559426338824711	0.5400096833305305	0.5777931941577531	0.5381174574970097	0.607736023956245	0.5852216019468	0.5232238421002864	0.5340474215773636	0.5170811504866489	0.6098373070985613	0.5242803419171371	0.5244584771818549	0.5589542064634792	0.5293566272799197	0.5280246411457824	0.5774293265035204	0.6178956443717014	0.587166916081556	0.6038475052902885	0.6458238120970045	0.5602981048513868	0.4968437775197498	0.6704884658437704	0.5744745448555219	0.5727823972001346	0.710962889581032	0.6695427789970014	0.5170144613320439	0.6069251645715488	0.6323945792274094	0.5792423813746912
